
k = -0.00788 * burnup + 1.31364

k(x_1) = 1.00000 при burnup = 39.79375
k(x_3) = 0.80041 при burnup = 65.11705

k (mean, sigma) = 
[[1.413250e+00 8.753585e-04]
 [1.349715e+00 9.041488e-04]
 [1.303257e+00 8.882664e-04]
 [1.258470e+00 9.112239e-04]
 [1.218459e+00 8.544285e-04]
 [1.182152e+00 8.995512e-04]
 [1.146756e+00 9.105179e-04]
 [1.114690e+00 8.978917e-04]
 [1.084866e+00 8.725134e-04]
 [1.055342e+00 8.823817e-04]
 [1.027353e+00 8.614110e-04]
 [1.000308e+00 8.419268e-04]
 [9.754339e-01 8.294439e-04]
 [9.503272e-01 8.301478e-04]
 [9.270849e-01 8.519006e-04]
 [9.020946e-01 8.240950e-04]
 [8.806996e-01 8.234013e-04]
 [8.614507e-01 7.930837e-04]
 [8.441835e-01 8.085643e-04]
 [8.242291e-01 7.841427e-04]
 [8.123841e-01 7.776858e-04]
 [7.972168e-01 7.626789e-04]]

U235 = 
[2.369356e+20 2.344678e+20 2.110500e+20 1.897735e+20 1.702500e+20
 1.522555e+20 1.356571e+20 1.203578e+20 1.062653e+20 9.333578e+19
 8.151571e+19 7.075820e+19 6.101493e+19 5.225294e+19 4.441627e+19
 3.747149e+19 3.137084e+19 2.606970e+19 2.150632e+19 1.761516e+19
 1.432464e+19 1.158208e+19]

Pu239 = 
[0.000000e+00 4.241252e+17 8.075610e+18 1.388646e+19 1.829208e+19
 2.165338e+19 2.420967e+19 2.611068e+19 2.755567e+19 2.857799e+19
 2.925218e+19 2.966092e+19 2.989148e+19 2.996450e+19 2.990796e+19
 2.975536e+19 2.959330e+19 2.938924e+19 2.915987e+19 2.885090e+19
 2.865907e+19 2.837990e+19]

Pu240 = 
[0.000000e+00 3.806641e+15 5.279496e+17 1.523668e+18 2.691976e+18
 3.928767e+18 5.165249e+18 6.405224e+18 7.576800e+18 8.699918e+18
 9.757934e+18 1.072890e+19 1.162733e+19 1.247318e+19 1.320596e+19
 1.388723e+19 1.446127e+19 1.496756e+19 1.540465e+19 1.577980e+19
 1.604970e+19 1.629078e+19]

Xe135 = 
[0.000000e+00 2.974829e+15 3.035016e+15 3.023191e+15 2.974847e+15
 2.908693e+15 2.837483e+15 2.752634e+15 2.661988e+15 2.565748e+15
 2.468147e+15 2.374637e+15 2.277678e+15 2.188431e+15 2.095549e+15
 2.011461e+15 1.939591e+15 1.868848e+15 1.808400e+15 1.747813e+15
 1.702505e+15 1.660029e+15]
