U235 = 
[1.421297e+20 1.397159e+20 1.175987e+20 9.904225e+19 8.313468e+19
 6.939916e+19 5.753945e+19 4.733769e+19 3.862491e+19 3.124954e+19
 2.506207e+19 1.993492e+19 1.572899e+19 1.232192e+19 9.591309e+18
 7.427836e+18 5.727794e+18 4.406316e+18 3.382476e+18 2.594487e+18
 1.990491e+18 1.528025e+18]

U238 = 
[4.595526e+21 4.594294e+21 4.581500e+21 4.568041e+21 4.553911e+21
 4.539092e+21 4.523664e+21 4.507503e+21 4.490675e+21 4.473225e+21
 4.455104e+21 4.436409e+21 4.417197e+21 4.397411e+21 4.377266e+21
 4.356686e+21 4.335725e+21 4.314604e+21 4.293274e+21 4.271705e+21
 4.250083e+21 4.228460e+21]

Pu239 = 
[0.000000e+00 5.195897e+17 9.025367e+18 1.455667e+19 1.820130e+19
 2.064663e+19 2.223596e+19 2.331411e+19 2.400332e+19 2.439935e+19
 2.464762e+19 2.476509e+19 2.479655e+19 2.483577e+19 2.480931e+19
 2.482208e+19 2.491444e+19 2.494887e+19 2.500544e+19 2.513857e+19
 2.526252e+19 2.536308e+19]

Pu240 = 
[0.000000e+00 6.509663e+15 8.975144e+17 2.385668e+18 4.009279e+18
 5.608778e+18 7.101575e+18 8.484179e+18 9.729497e+18 1.083261e+19
 1.177861e+19 1.261303e+19 1.332911e+19 1.394384e+19 1.443410e+19
 1.482859e+19 1.514826e+19 1.545493e+19 1.568372e+19 1.585360e+19
 1.600260e+19 1.611034e+19]

Xe135 = 
[0.000000e+00 1.781642e+15 1.848324e+15 1.855489e+15 1.828248e+15
 1.785112e+15 1.728620e+15 1.673569e+15 1.618353e+15 1.565667e+15
 1.516685e+15 1.473518e+15 1.433963e+15 1.405811e+15 1.377050e+15
 1.362083e+15 1.350280e+15 1.343333e+15 1.339182e+15 1.346634e+15
 1.350724e+15 1.355239e+15]
