k(x_1) = 1.00000 при burnup = 17.18757
k (mean, sigma) = 
[[1.002392e+00 7.034855e-04]
 [1.002922e+00 6.953062e-04]
 [1.090849e+00 7.321858e-04]
 [1.253018e+00 8.921002e-04]
 [1.239492e+00 8.594312e-04]
 [1.185295e+00 8.554151e-04]
 [1.129969e+00 8.230012e-04]
 [1.070418e+00 8.035610e-04]
 [1.010371e+00 7.860947e-04]
 [9.499632e-01 7.699129e-04]
 [8.904297e-01 7.480015e-04]
 [8.339787e-01 7.248578e-04]
 [7.860990e-01 6.712741e-04]
 [7.424484e-01 6.727735e-04]
 [7.116964e-01 6.300787e-04]
 [6.900512e-01 6.104717e-04]
 [6.715057e-01 6.180189e-04]
 [6.614872e-01 6.230164e-04]
 [6.528071e-01 6.049228e-04]
 [6.465951e-01 5.895618e-04]
 [6.417999e-01 5.727404e-04]
 [6.393415e-01 6.140157e-04]
 [6.364826e-01 6.334731e-04]
 [6.338345e-01 6.114183e-04]]

U235 = 
[1.421297e+20 1.421297e+20 1.421297e+20 1.421297e+20 1.421297e+20
 1.421297e+20 1.421297e+20 1.421297e+20 1.421297e+20 1.421297e+20
 1.421297e+20 1.421297e+20 1.421297e+20 1.421297e+20 1.421297e+20
 1.421297e+20 1.421297e+20 1.421297e+20 1.421297e+20 1.421297e+20
 1.421297e+20 1.421297e+20 1.421297e+20 1.421297e+20]

Pu239 = 
[0. 0. 0. 0. 0. 0. 0. 0. 0. 0. 0. 0. 0. 0. 0. 0. 0. 0. 0. 0. 0. 0. 0. 0.]

Pu240 = 
[0. 0. 0. 0. 0. 0. 0. 0. 0. 0. 0. 0. 0. 0. 0. 0. 0. 0. 0. 0. 0. 0. 0. 0.]

Xe135 = 
[0. 0. 0. 0. 0. 0. 0. 0. 0. 0. 0. 0. 0. 0. 0. 0. 0. 0. 0. 0. 0. 0. 0. 0.]
Gd157 = 
[2.760470e+17 2.741619e+17 1.380573e+17 4.143855e+15 1.587394e+14
 1.884560e+14 2.135007e+14 2.356256e+14 2.592057e+14 2.852782e+14
 3.162870e+14 3.526326e+14 3.951303e+14 4.464254e+14 5.030008e+14
 5.639914e+14 6.204213e+14 6.873198e+14 7.484055e+14 8.013252e+14
 8.655000e+14 9.276214e+14 9.911102e+14 1.053064e+15]
burnup = 
[0.000e+00 7.121e-04 7.193e-02 4.280e-01 3.989e+00 7.549e+00 1.111e+01
 1.467e+01 1.823e+01 2.179e+01 2.535e+01 2.891e+01 3.247e+01 3.604e+01
 3.960e+01 4.316e+01 4.672e+01 5.028e+01 5.384e+01 5.740e+01 6.096e+01
 6.452e+01 6.808e+01 7.164e+01]
